chromosome	start	stop	abspos	length	gc	n_good
chr1	0	14162233	7081116	14162233	0.485181	213318
chr1	14162233	27382184	20772208	13219951	0.473007	213318
chr1	27382184	38550236	32966210	11168052	0.470651	213319
chr1	38550236	55768724	47159480	17218488	0.451368	213319
chr1	55768724	67940820	61854772	12172096	0.408516	213318
chr1	67940820	79160729	73550774	11219909	0.372031	213323
chr1	79160729	86982135	83071432	7821406	0.368137	213318
chr1	86982135	96283209	91632672	9301074	0.395795	213319
chr1	96283209	104492031	100387620	8208822	0.366837	213318
chr1	104492031	111805851	108148941	7313820	0.379329	213318
chr1	111805851	121360292	116583071	9554441	0.414604	213324
chr1	121360292	157821550	139590921	36461258	0.431783	213319
chr1	157821550	166278406	162049978	8456856	0.400491	213318
chr1	166278406	178651217	172464811	12372811	0.401439	213318
chr1	178651217	189001364	183826290	10350147	0.390441	213318
chr1	189001364	194918012	191959688	5916648	0.349897	213318
chr1	194918012	205871369	200394690	10953357	0.403513	213318
chr1	205871369	215680294	210775831	9808925	0.416378	213327
chr1	215680294	226658664	221169479	10978370	0.410321	213319
chr1	226658664	237168477	231913570	10509813	0.438258	213321
chr1	237168477	249250621	243209549	12082144	0.400554	213303
chr2	0	7721088	253111165	7721088	0.416716	215225
chr2	7721088	16337262	261279796	8616174	0.42079	215225
chr2	16337262	22160665	268499584	5823403	0.406388	215225
chr2	22160665	35690063	278175985	13529398	0.409409	215226
chr2	35690063	45847159	290019232	10157096	0.405875	215225
chr2	45847159	57380575	300864488	11533416	0.391201	215226
chr2	57380575	66145050	311013433	8764475	0.404821	215225
chr2	66145050	76533677	320589984	10388627	0.412311	215225
chr2	76533677	83905375	329470147	7371698	0.359368	215226
chr2	83905375	92307611	337357114	8402236	0.419647	215226
chr2	92307611	105190243	347999548	12882632	0.412279	215225
chr2	105190243	116751559	360221522	11561316	0.420305	215230
chr2	116751559	123929949	369591375	7178390	0.411492	215225
chr2	123929949	130554053	376492622	6624104	0.404338	215225
chr2	130554053	140680498	384867896	10126445	0.402721	215225
chr2	140680498	150761408	394971574	10080910	0.369227	215225
chr2	150761408	158075277	403668963	7313869	0.370124	215227
chr2	158075277	169288126	412932322	11212849	0.375534	215225
chr2	169288126	181944939	424867153	12656813	0.401256	215225
chr2	181944939	190908991	435677586	8964052	0.361567	215225
chr2	190908991	199686808	444548520	8777817	0.364586	215226
chr2	199686808	211727408	454957729	12040600	0.40178	215231
chr2	211727408	222457013	466342831	10729605	0.40484	215226
chr2	222457013	230593631	475775943	8136618	0.392069	215225
chr2	230593631	243199373	486147123	12605742	0.468369	215223
chr3	0	10686962	497793475	10686962	0.393358	215744
chr3	10686962	21951655	508769302	11264693	0.410117	215758
chr3	21951655	30398020	518624831	8446365	0.382025	215744
chr3	30398020	40652754	527975381	10254734	0.399837	215755
chr3	40652754	58216604	541884673	17563850	0.445693	215744
chr3	58216604	70811849	556964220	12595245	0.397566	215744
chr3	70811849	77998228	566855032	7186379	0.393884	215753
chr3	77998228	86348433	574623324	8350205	0.350899	215746
chr3	86348433	95490948	583369684	9142515	0.358281	215744
chr3	95490948	103531271	591961103	8040323	0.366812	215747
chr3	103531271	110337342	599384300	6806071	0.367378	215744
chr3	110337342	122771632	609004481	12434290	0.383768	215744
chr3	122771632	137401274	622536447	14629642	0.435017	215744
chr3	137401274	146665098	634483180	9263824	0.385459	215745
chr3	146665098	154995941	643280513	8330843	0.375749	215744
chr3	154995941	164154150	652025039	9158209	0.370923	215744
chr3	164154150	175835740	662444939	11681590	0.367512	215744
chr3	175835740	186495027	673615377	10659287	0.40139	215744
chr3	186495027	198022430	684708722	11527403	0.416993	215715
chr4	0	12414071	696679459	12414071	0.460397	208704
chr4	12414071	22042117	707700518	9628046	0.385814	208701
chr4	22042117	29016497	716001731	6974380	0.38749	208701
chr4	29016497	34604233	722282789	5587736	0.347028	208710
chr4	34604233	43791149	729670115	9186916	0.381998	208701
chr4	43791149	54236157	739486077	10445008	0.380216	208701
chr4	54236157	60838089	748009547	6601932	0.383343	208701
chr4	60838089	67144370	754463653	6306281	0.349306	208701
chr4	67144370	74771084	761430151	7626714	0.369835	208701
chr4	74771084	84592335	770154133	9821251	0.393731	208703
chr4	84592335	97174038	781355610	12581703	0.375884	208701
chr4	97174038	107324481	792721683	10150443	0.371406	208701
chr4	107324481	115461481	801865405	8137000	0.375486	208701
chr4	115461481	122450812	809428570	6989331	0.358098	208701
chr4	122450812	129316721	816356190	6865909	0.368981	208703
chr4	129316721	134958653	822610111	5641932	0.356121	208702
chr4	134958653	142540233	829221867	7581580	0.361812	208701
chr4	142540233	152773814	838129447	10233581	0.384311	208703
chr4	152773814	160469263	847093962	7695449	0.385682	208701
chr4	160469263	168235903	854825007	7766640	0.364423	208703
chr4	168235903	177309740	863245245	9073837	0.369577	208702
chr4	177309740	182552727	870403657	5242987	0.363188	208702
chr4	182552727	191154276	877325925	8601549	0.413618	208682
chr5	0	6575035	884914217	6575035	0.443942	213126
chr5	6575035	16034078	892931256	9459043	0.395898	213126
chr5	16034078	25019197	902153337	8985119	0.364998	213141
chr5	25019197	30450907	909361752	5431710	0.348275	213126
chr5	30450907	40368148	917036227	9917241	0.391582	213126
chr5	40368148	50830377	927225962	10462229	0.375324	213126
chr5	50830377	58236258	936160017	7405881	0.388623	213126
chr5	58236258	67915952	944702805	9679694	0.39109	213126
chr5	67915952	81198580	956183966	13282628	0.408869	213127
chr5	81198580	89020114	966736047	7821534	0.36104	213128
chr5	89020114	98581920	975427717	9561806	0.369259	213137
chr5	98581920	104544327	983189823	5962407	0.356569	213131
chr5	104544327	113264300	990531013	8719973	0.370992	213131
chr5	113264300	121416474	998967087	8152174	0.373563	213128
chr5	121416474	130137434	1007403654	8720960	0.38035	213137
chr5	130137434	143396456	1018393645	13259022	0.433585	213126
chr5	143396456	153957786	1030303821	10561330	0.402256	213126
chr5	153957786	162105541	1039658363	8147755	0.398844	213128
chr5	162105541	169578225	1047468583	7472684	0.373335	213126
chr5	169578225	180915260	1056873442	11337035	0.457383	213090
chr6	0	9567763	1067325841	9567763	0.426332	207903
chr6	9567763	18081803	1076366743	8514040	0.417104	207897
chr6	18081803	26828551	1084997137	8746748	0.393141	207897
chr6	26828551	42468342	1097190406	15639791	0.440308	207902
chr6	42468342	50975178	1109263720	8506836	0.393126	207899
chr6	50975178	62031686	1119045392	11056508	0.382732	207898
chr6	62031686	71754367	1129434986	9722681	0.358697	207897
chr6	71754367	80571789	1138705038	8817422	0.374726	207909
chr6	80571789	87415335	1146535522	6843546	0.377972	207897
chr6	87415335	94705073	1153602164	7289738	0.374272	207897
chr6	94705073	101595235	1160692114	6890162	0.366206	207897
chr6	101595235	110414597	1168546876	8819362	0.380892	207897
chr6	110414597	118778581	1177138549	8363984	0.377821	207897
chr6	118778581	129867617	1186865059	11089036	0.369502	207897
chr6	129867617	139760088	1197355812	9892471	0.395217	207898
chr6	139760088	149536776	1207190392	9776688	0.377476	207897
chr6	149536776	160695758	1217658227	11158982	0.409665	207904
chr6	160695758	171115067	1228447372	10419309	0.434033	207874
chr7	0	12604401	1239959227	12604401	0.426688	208894
chr7	12604401	22099013	1251008734	9494612	0.370657	208894
chr7	22099013	33810582	1261611824	11711569	0.416109	208895
chr7	33810582	45313601	1273219118	11503019	0.411785	208896
chr7	45313601	52214083	1282420869	6900482	0.399784	208894
chr7	52214083	57989751	1288758944	5775668	0.401247	208894
chr7	57989751	68554075	1296928940	10564324	0.419921	208894
chr7	68554075	83454128	1309661128	14900053	0.414599	208894
chr7	83454128	92681325	1321724753	9227197	0.364073	208894
chr7	92681325	106277469	1333136424	13596144	0.418562	208894
chr7	106277469	115056258	1344323890	8778789	0.371626	208897
chr7	115056258	123092055	1352731183	8035797	0.363426	208894
chr7	123092055	135217494	1362811801	12125439	0.405362	208894
chr7	135217494	145573210	1374052379	10355716	0.397612	208894
chr7	145573210	159138663	1386012963	13565453	0.437751	208902
chr8	0	11111970	1398351675	11111970	0.427793	209626
chr8	11111970	21179724	1408941537	10067754	0.401071	209626
chr8	21179724	30844221	1418807662	9664497	0.424213	209626
chr8	30844221	38738729	1427587165	7894508	0.398765	209626
chr8	38738729	49877818	1437103963	11139089	0.422437	209626
chr8	49877818	58155894	1446812546	8278076	0.391817	209626
chr8	58155894	65915560	1454831417	7759666	0.384889	209626
chr8	65915560	76849349	1464178144	10933789	0.39096	209626
chr8	76849349	83375944	1472908336	6526595	0.36657	209627
chr8	83375944	90174637	1479570980	6798693	0.361724	209626
chr8	90174637	101840475	1488803246	11665838	0.396195	209626
chr8	101840475	111409926	1499420890	9569451	0.390224	209632
chr8	111409926	120197897	1508599601	8787971	0.360546	209643
chr8	120197897	128063082	1516926179	7865185	0.401424	209628
chr8	128063082	136158630	1524906546	8095548	0.408573	209626
chr8	136158630	146364022	1534057016	10205392	0.457865	209607
chr9	0	10658382	1544488903	10658382	0.399057	207258
chr9	10658382	18324230	1553651018	7665848	0.376768	207264
chr9	18324230	25531316	1561087485	7207086	0.37109	207260
chr9	25531316	32373343	1568112041	6842027	0.362529	207259
chr9	32373343	42504875	1576598821	10131532	0.418644	207258
chr9	42504875	71297094	1596060696	28792219	0.397801	207259
chr9	71297094	81384553	1615500535	10087459	0.389	207258
chr9	81384553	87222108	1623463042	5837555	0.386965	207258
chr9	87222108	96109552	1630825542	8887444	0.426913	207258
chr9	96109552	106724384	1640576680	10614832	0.401026	207268
chr9	106724384	114270481	1649657144	7546097	0.40403	207260
chr9	114270481	122850249	1657720077	8579768	0.401822	207259
chr9	122850249	141213431	1671191552	18363182	0.496997	207243
chr10	0	8887914	1684817100	8887914	0.41792	214351
chr10	8887914	22351496	1695992848	13463582	0.400156	214349
chr10	22351496	33718741	1708408261	11367245	0.417789	214350
chr10	33718741	42387024	1718426025	8668283	0.404525	214359
chr10	42387024	48125910	1725629610	5738886	0.422891	214349
chr10	48125910	59728209	1734300202	11602299	0.379257	214350
chr10	59728209	67648363	1744061429	7920154	0.381164	214350
chr10	67648363	83248665	1755821657	15600302	0.439096	214349
chr10	83248665	92863310	1768429130	9614645	0.393134	214351
chr10	92863310	109080866	1781345231	16217556	0.423901	214349
chr10	109080866	115498362	1792662757	6417496	0.400097	214352
chr10	115498362	125734756	1800989702	10236394	0.43556	214349
chr10	125734756	135534747	1811007894	9799991	0.462167	214335
chr11	0	12598724	1822207252	12598724	0.436499	217088
chr11	12598724	24001053	1834207778	11402329	0.395268	217092
chr11	24001053	31959368	1843888100	7958315	0.369113	217088
chr11	31959368	39618709	1851696928	7659341	0.38484	217088
chr11	39618709	49139998	1860287243	9521289	0.411859	217088
chr11	49139998	59138200	1870046989	9998202	0.380194	217088
chr11	59138200	74188261	1882571120	15050061	0.469514	217088
chr11	74188261	87267362	1896635701	13079101	0.403587	217089
chr11	87267362	96852245	1907967693	9584883	0.380735	217088
chr11	96852245	105068770	1916868397	8216525	0.369923	217088
chr11	105068770	113593090	1925238820	8524320	0.396916	217103
chr11	113593090	124306831	1934857850	10713741	0.433997	217088
chr11	124306831	135006516	1945564563	10699685	0.423873	217068
chr12	0	14497524	1958163168	14497524	0.42799	210350
chr12	14497524	23170873	1969748604	8673349	0.373882	210350
chr12	23170873	33424328	1979212006	10253455	0.397532	210350
chr12	33424328	45320035	1990286587	11895707	0.38533	210350
chr12	45320035	56765526	2001957186	11445491	0.426438	210350
chr12	56765526	64907473	2011750905	8141947	0.378461	210350
chr12	64907473	74434747	2020585516	9527274	0.38365	210351
chr12	74434747	83061593	2029662576	8626846	0.371168	210350
chr12	83061593	89785174	2037337789	6723581	0.357677	210350
chr12	89785174	98080950	2044847468	8295776	0.388955	210353
chr12	98080950	109273326	2054591544	11192376	0.413988	210350
chr12	109273326	120370702	2065736420	11097376	0.448447	210358
chr12	120370702	133851895	2078025704	13481193	0.458069	210344
chr13	0	29080159	2099306380	29080159	0.425678	206185
chr13	29080159	39669255	2119141008	10589096	0.399284	206185
chr13	39669255	49184784	2129193320	9515529	0.406931	206185
chr13	49184784	56673126	2137695256	7488342	0.380195	206185
chr13	56673126	62223679	2144214703	5550553	0.357514	206188
chr13	62223679	68238538	2149997409	6014859	0.344369	206186
chr13	68238538	74726055	2156248597	6487517	0.355219	206188
chr13	74726055	81504248	2162881452	6778193	0.377687	206209
chr13	81504248	87207219	2169122034	5702971	0.344935	206185
chr13	87207219	95302293	2176021057	8095074	0.351713	206191
chr13	95302293	105931636	2185383265	10629343	0.390193	206185
chr13	105931636	115169878	2195317058	9238242	0.420411	206156
chr14	0	25783351	2212827854	25783351	0.407753	200027
chr14	25783351	33338416	2229497062	7555065	0.368856	200027
chr14	33338416	42463498	2237837136	9125082	0.382155	200027
chr14	42463498	48908497	2245622176	6444999	0.356334	200032
chr14	48908497	56910383	2252845619	8001886	0.399785	200027
chr14	56910383	68206733	2262494737	11296350	0.407981	200028
chr14	68206733	83063514	2275571302	14856781	0.429989	200027
chr14	83063514	87799267	2285367569	4735753	0.360862	200029
chr14	87799267	98093299	2292882462	10294032	0.44146	200027
chr14	98093299	107349540	2302657598	9256241	0.472336	200019
chr15	0	30528028	2322549733	30528028	0.414213	209701
chr15	30528028	41947106	2343523286	11419078	0.404015	209701
chr15	41947106	56053964	2356286254	14106858	0.39727	209702
chr15	56053964	69205569	2369915485	13151605	0.426239	209711
chr15	69205569	82319758	2383048382	13114189	0.454255	209701
chr15	82319758	94300968	2395596082	11981210	0.432578	209701
chr15	94300968	102531392	2405701899	8230424	0.405061	209696
chr16	0	13990969	2416812595	13990969	0.465422	199050
chr16	13990969	24930140	2429277665	10939171	0.440151	199050
chr16	24930140	33213747	2438889054	8283607	0.442582	199050
chr16	33213747	46420372	2449634170	13206625	0.414088	199108
chr16	46420372	52657020	2459355807	6236648	0.430632	199052
chr16	52657020	60307728	2466299485	7650708	0.422305	199050
chr16	60307728	65276475	2472609212	4968747	0.365346	199050
chr16	65276475	77630712	2481270704	12354237	0.424736	199050
chr16	77630712	90354753	2493809843	12724041	0.479934	198992
chr17	0	14539145	2507441436	14539145	0.444852	201384
chr17	14539145	27636142	2521259507	13096997	0.445234	201387
chr17	27636142	42706903	2535343386	15070761	0.462647	201383
chr17	42706903	52887194	2547968912	10180291	0.420068	201384
chr17	52887194	68220657	2560725789	15333463	0.433821	201383
chr17	68220657	81195210	2574879797	12974553	0.465395	201377
chr18	0	9689435	2586211791	9689435	0.400025	206405
chr18	9689435	22270926	2597347254	12581491	0.421687	206401
chr18	22270926	28172732	2606588903	5901806	0.369139	206401
chr18	28172732	37608091	2614257485	9435359	0.385811	206408
chr18	37608091	47277740	2623809989	9669649	0.38735	206410
chr18	47277740	57029918	2633520903	9752178	0.405354	206410
chr18	57029918	63794547	2641779306	6764629	0.377149	206410
chr18	63794547	70404376	2648466535	6609829	0.359416	206403
chr18	70404376	78077248	2655607886	7672872	0.426701	206367
chr19	0	19847566	2669368105	19847566	0.491857	191894
chr19	19847566	31272670	2685004440	11425104	0.422093	191894
chr19	31272670	43283816	2696722565	12011146	0.457548	191894
chr19	43283816	59128983	2710650721	15845167	0.46625	191894
chr20	0	7804049	2722475329	7804049	0.423381	186227
chr20	7804049	17782370	2731366514	9978321	0.394727	186221
chr20	17782370	24263259	2739596119	6480889	0.426712	186215
chr20	24263259	38441132	2749925500	14177873	0.447044	186216
chr20	38441132	47111949	2761349845	8670817	0.442613	186217
chr20	47111949	54361321	2769309940	7249372	0.428596	186215
chr20	54361321	63025520	2777266725	8664199	0.468968	186194
chr21	0	16718687	2789958168	16718687	0.390976	178778
chr21	16718687	23042865	2801479601	6324178	0.362336	178779
chr21	23042865	28403521	2807322018	5360656	0.359469	178778
chr21	28403521	35651042	2813626106	7247521	0.393563	178777
chr21	35651042	48129895	2823489293	12478853	0.46484	178774
chr22	0	25951792	2842704616	25951792	0.464105	164363
chr22	25951792	37344882	2861377057	11393090	0.456255	164360
chr22	37344882	51304566	2874053444	13959684	0.499434	164359
chrX	0	8294510	2885180541	8294510	0.411669	213855
chrX	8294510	19232631	2894796856	10938121	0.404747	213855
chrX	19232631	28073547	2904686375	8840916	0.384442	213855
chrX	28073547	37384433	2913762276	9310886	0.372633	213856
chrX	37384433	44442560	2921946782	7058127	0.415396	213855
chrX	44442560	53362647	2929935889	8920087	0.41566	213856
chrX	53362647	63720999	2939575109	10358352	0.395442	213855
chrX	63720999	72494915	2949141243	8773916	0.407689	213855
chrX	72494915	80707019	2957634253	8212104	0.381982	213857
chrX	80707019	87493608	2965133599	6786589	0.363571	213855
chrX	87493608	93578020	2971569100	6084412	0.360247	213857
chrX	93578020	99513344	2977578968	5935324	0.365443	213868
chrX	99513344	109814499	2985697207	10301155	0.397871	213857
chrX	109814499	119113350	2995497210	9298851	0.388189	213855
chrX	119113350	126114914	3003647418	7001564	0.376393	213856
chrX	126114914	134090813	3011136149	7975899	0.389447	213855
chrX	134090813	141191109	3018674247	7100296	0.396227	213855
chrX	141191109	146142467	3024700074	4951358	0.371499	213855
chrX	146142467	155270560	3031739799	9128093	0.419657	213833
